1 2
2 127
3 49
4 936
5 518
6 604
7 978
8 202
9 196
10 976
11 569
12 151
13 672
14 270
15 120
16 728
17 957
18 505
19 583
20 138
21 729
22 502
23 927
24 156
25 927
26 694
27 134
28 477
29 405
30 702
31 240
32 751
33 27
34 159
35 693
36 11
37 23
38 726
39 892
40 78
41 826
42 299
43 748
44 59
45 79
46 99
47 586
48 562
49 738
50 623
51 962
52 437
53 390
54 788
55 220
56 328
57 647
58 939
59 349
60 137
61 448
62 711
63 945
64 628
65 926
66 389
67 851
68 568
69 355
70 554
71 193
72 70
73 950
74 684
75 262
76 685
77 65
78 693
79 1
80 61
81 386
82 153
83 973
84 648
85 210
86 121
87 141
88 127
89 399
90 850
91 491
92 511
93 157
94 190
95 552
96 482
97 881
98 745
99 795
100 50
101 852
102 146
103 897
104 358
105 272
106 436
107 277
108 290
109 69
110 375
111 392
112 98
113 994
114 689
115 949
116 851
117 73
118 616
119 882
120 865
121 79
122 66
123 413
124 836
125 57
126 608
127 678
128 386
129 994
130 647
131 244
132 436
133 45
134 347
135 555
136 148
137 580
138 539
139 273
140 30
141 389
142 1001
143 764
144 850
145 60
146 537
147 224
148 530
149 818
150 644
151 130
152 179
153 897
154 620
155 986
156 836
157 287
158 368
159 900
160 608
161 542
162 270
163 896
164 508
165 924
166 788
167 449
168 734
169 851
170 617
171 985
172 344
173 5
174 622
175 251
176 416
177 655
178 625
179 48
180 311
181 790
182 457
183 423
184 349
185 97
186 188
187 30
188 6
189 747
190 690
191 112
192 365
193 414
194 429
195 958
196 719
197 120
198 993
199 485
200 682
201 872
202 36
203 696
204 193
205 836
206 392
207 505
208 998
209 544
210 959
211 596
212 275
213 788
214 15
215 604
216 812
217 124
218 329
219 908
220 98
221 551
222 97
223 787
224 816
225 367
226 770
227 896
228 747
229 245
230 5
231 472
232 526
233 534
234 690
235 750
236 341
237 866
238 328
239 450
240 644
241 772
242 977
243 908
244 160
245 32
246 654
247 637
248 595
249 455
250 31
251 405
252 484
253 603
254 1001
255 696
256 105
257 84
258 105
259 249
260 538
261 269
262 212
263 394
264 743
265 139
266 710
267 87
268 918
269 10
270 46
271 699
272 608
273 645
274 120
275 168
276 387
277 630
278 441
279 60
280 343
281 263
282 695
283 577
284 249
285 176
286 371
287 179
288 395
289 120
290 32
291 890
292 384
293 28
294 781
295 453
296 109
297 858
298 921
299 487
300 358
301 95
302 489
303 415
304 589
305 909
306 745
307 357
308 454
309 584
310 831
311 171
312 595
313 520
314 268
315 652
316 826
317 568
318 312
319 563
320 631
321 720
322 819
323 205
324 115
325 27
326 259
327 27
328 493
329 142
330 796
331 936
332 467
333 20
334 783
335 262
336 342
337 738
338 403
339 19
340 705
341 240
342 205
343 756
344 862
345 715
346 410
347 283
348 542
349 347
350 571
351 436
352 622
353 461
354 47
355 515
356 28
357 660
358 172
359 369
360 785
361 957
362 195
363 640
364 682
365 801
366 864
367 73
368 42
369 159
370 318
371 16
372 887
373 870
374 597
375 662
376 291
377 74
378 124
379 294
380 505
381 103
382 698
383 223
384 401
385 164
386 787
387 743
388 401
389 525
390 810
391 301
392 692
393 434
394 562
395 815
396 180
397 586
398 562
399 149
400 601
401 933
402 45
403 974
404 671
405 639
406 766
407 187
408 703
409 119
410 816
411 134
412 316
413 822
414 286
415 706
416 55
417 649
418 30
419 459
420 439
421 83
422 639
423 18
424 439
425 210
426 965
427 798
428 225
429 742
430 328
431 373
432 515
433 875
434 328
435 679
436 98
437 672
438 579
439 775
440 160
441 447
442 62
443 475
444 37
445 470
446 274
447 87
448 243
449 117
450 916
451 43
452 609
453 524
454 391
455 453
456 258
457 538
458 707
459 138
460 223
461 338
462 39
463 43
464 65
465 612
466 413
467 352
468 83
469 307
470 81
471 2
472 170
473 888
474 865
475 662
476 740
477 60
478 43
479 924
480 201
481 520
482 777
483 940
484 705
485 654
486 825
487 284
488 29
489 301
490 353
491 34
492 792
493 824
494 475
495 131
496 908
497 297
498 66
499 40
500 348
501 58
502 382
503 205
504 312
505 69
506 530
507 494
508 216
509 481
510 539
511 275
512 494
513 899
514 663
515 941
516 267
517 983
518 790
519 406
520 275
521 69
522 599
523 685
524 629
525 630
526 303
527 973
528 530
529 449
530 314
531 584
532 537
533 97
534 887
535 879
536 989
537 491
538 695
539 259
540 433
541 797
542 592
543 780
544 610
545 682
546 276
547 110
548 211
549 946
550 847
551 910
552 823
553 664
554 187
555 202
556 34
557 981
558 71
559 314
560 996
561 38
562 785
563 257
564 344
565 370
566 169
567 702
568 534
569 509
570 214
571 386
572 867
573 812
574 347
575 193
576 875
577 210
578 187
579 596
580 748
581 278
582 208
583 982
584 870
585 505
586 487
587 462
588 628
589 594
590 795
591 343
592 874
593 382
594 901
595 469
596 897
597 14
598 194
599 662
600 190
601 788
602 689
603 210
604 688
605 35
606 62
607 483
608 985
609 854
610 595
611 854
612 669
613 802
614 950
615 29
616 315
617 346
618 96
619 95
620 46
621 523
622 87
623 264
624 296
625 817
626 881
627 198
628 778
629 23
630 513
631 303
632 90
633 809
634 461
635 923
636 207
637 507
638 871
639 526
640 805
641 852
642 543
643 547
644 367
645 611
646 24
647 792
648 956
649 9
650 792
651 326
652 292
653 514
654 413
655 341
656 136
657 582
658 428
659 290
660 350
661 635
662 763
663 828
664 480
665 294
666 816
667 651
668 362
669 928
670 84
671 873
672 376
673 738
674 135
675 249
676 837
677 811
678 75
679 628
680 327
681 566
682 365
683 743
684 706
685 586
686 140
687 564
688 100
689 59
690 219
691 799
692 142
693 879
694 147
695 294
696 614
697 938
698 471
699 551
700 876
701 941
702 461
703 827
704 272
705 324
706 221
707 123
708 604
709 928
710 791
711 229
712 13
713 453
714 33
715 77
716 62
717 350
718 587
719 711
720 823
721 199
722 552
723 608
724 508
725 663
726 102
727 14
728 361
729 72
730 10
731 116
732 997
733 676
734 452
735 715
736 868
737 861
738 58
739 375
740 697
741 265
742 694
743 946
744 431
745 1
746 31
747 389
748 469
749 252
750 431
751 448
752 727
753 169
754 639
755 715
756 484
757 526
758 78
759 211
760 579
761 289
762 313
763 132
764 266
765 365
766 4
767 978
768 229
769 83
770 576
771 441
772 144
773 738
774 455
775 688
776 803
777 708
778 441
779 340
780 446
781 740
782 588
783 316
784 266
785 599
786 664
787 424
788 495
789 575
790 71
791 910
792 591
793 316
794 629
795 582
796 768
797 974
798 871
799 942
800 120
801 631
802 986
803 481
804 879
805 598
806 187
807 838
808 666
809 692
810 515
811 838
812 841
813 466
814 862
815 460
816 679
817 696
818 802
819 771
820 618
821 838
822 235
823 750
824 255
825 903
826 850
827 564
828 309
829 674
830 956
831 438
832 14
833 999
834 803
835 111
836 671
837 754
838 964
839 887
840 108
841 943
842 434
843 251
844 108
845 36
846 41
847 89
848 182
849 607
850 144
851 832
852 533
853 395
854 107
855 143
856 583
857 959
858 583
859 440
860 47
861 123
862 236
863 923
864 475
865 809
866 849
867 830
868 209
869 745
870 741
871 284
872 423
873 73
874 440
875 393
876 771
877 298
878 345
879 51
880 944
881 251
882 72
883 895
884 798
885 770
886 424
887 23
888 400
889 592
890 656
891 852
892 653
893 729
894 556
895 112
896 437
897 553
898 670
899 784
900 836
901 974
902 562
903 631
904 514
905 455
906 766
907 344
908 940
909 68
910 358
911 287
912 414
913 759
914 630
915 948
916 904
917 159
918 78
919 528
920 360
921 140
922 113
923 18
924 620
925 893
926 595
927 675
928 289
929 963
930 508
931 190
932 72
933 336
934 494
935 258
936 90
937 608
938 907
939 593
940 653
941 185
942 677
943 504
944 632
945 547
946 805
947 102
948 976
949 441
950 291
951 175
952 807
953 445
954 244
955 396
956 430
957 154
958 438
959 222
960 895
961 687
962 526
963 148
964 26
965 550
966 714
967 580
968 431
969 343
970 888
971 731
972 925
973 558
974 987
975 970
976 56
977 458
978 511
979 934
980 801
981 497
982 847
983 538
984 722
985 423
986 627
987 679
988 921
989 919
990 833
991 561
992 356
993 51
994 22
995 307
996 67
997 358
998 856
999 641
1000 796
