123
55
1000
314
159265358979323846
264338327950288419716939937510
5820974
944
59230
781
640628620899
86
280
34825
3421170679
821
480865132823066470938446095
5058223172
53594081284811174502841027019385211055596446229489
549303819644288109756659334461
2847564823378678316527120190914564856692
3460348610454326648213393607260
24914127372458700660631558817
48815209209628292540
9171536436789259036001133053054882046652
1384146951941511609433057
27036575959195309218611738193261179
3105
1185480744623799
6274956
6772393234567
735
188575
2724
8912279381830119491
29
8336733
62344556782312243
440656
6430
860213949463952247371907021798609437027705392171762931767523846748184676694051320005681271452635608277857713427577896091736371787214684409012249534301
46549585371050
792279
68
92589235
420
1995611
2129021960
86403
44181
59813629
78777766
77477
13099605187072113
4999999
83729780499510
597317328
111111
1609631859
5024459455
3469083026
4252230825
33446850352619311881
71010003137838752886
58753320838142061717
76691473035982534904
28755468731159562863
88235378759375195778
18577805321712268066
13001927876611195909
21642019893809525720
10654858632788659361
5338182796823030195203
530185296899577362
25994138912497217752
83479131515574857242
45415069595082953311
68617278558890750983
817546374649393192550
6040092770167113900
98488240128583616035
63707660104710181942
95559619894676783744
9448255379
77472684710404753464
62080466842590694912
93313677028989152
104
75216205696602405803
81501
935112533824300
35587640247496473263
9141992
7260426992279
67823547816360093417
2
16
41219
0
924586
315030
2861829
7455570674983
85054945
885869269956
90927210797509302955
3211
65344987
2027559602364806654991198818
347977
53566369807426
542527
86255181841757
46728909777727938000
816470600161452491928145410095388378636095068006422512520511739298489608412848862694560424196528502221066118630674427862203919494517321721477235014144
19735685481613611573
52552133475741849468438523323907394143334547762416862518983569485562099219222184272550254256887671790494601653466804988627232791786085784383827967976604712371378696095636437191728746776465757396241389086583264599581339047802759009946576407895126946839835259570982582262052248940772671947826848260147699090264013639443745530506820349625245174939965143
1429809190
6592509372
4132604721
0
123234534523452345234
234535345634563456345634563
2354632456345234545745678567857645673
93453888883452
7777777777777777777777777777777777
11111111
1222222222222
44444444444444444444444444
5555555555555555555555555555555555555555
0
